71,5
71,4
71,3
71,2
71,1
71,0
70,5
70,4
70,3
70,2
70,1
70,0
69,4
69,3
69,2
69,1
69,0
68,5
68,4
68,3
68,2
68,1
68,0
67,4
67,3
67,2
67,1
67,0
66,4
66,3
66,2
66,1
66,0
65,49
65,48
65,47
65,46
65,45
65,44
65,43
65,42
65,41
65,40
65,39
65,38
65,37
65,36
65,35
10,100
10,272
10,204
10,86
10,308
10,200
10,18
10,180
11,30
11,12
11,27
11,20
11,9
11,18
11,1
11,10
11,2
11,3
9,7
9,6
9,1
9,4
9,2
9,3
8,8
8,12
8,13
8,9
8,15
8,1
8,6
8,2
8,3
12,2
12,1
12,3
20,2
20,1
20,3
64,5
64,4
64,3
64,2
64,1
64,0
63,5
19,2
63,4
63,3
19,1
63,2
63,1
19,3
63,0
62,4
62,3
62,2
62,1
62,0
61,5
61,4
61,3
61,2
61,1
61,0
60,4
60,3
60,2
60,1
60,0
59,4
59,3
59,2
59,1
59,0
10,279
10,245
10,209
10,75
10,23
10,17
